440
300
350
400
460
310
1064
1200
550
773
550
220
320
610
515
326
350
700
687
500
600
542
323
712
610
500
553
550
582
547
280
500
400
486
370
670
380
1000
250
300
750
700
600
467
583
534
500
370
970
800
720
370
376
630
401
468
780
358
756
438
1100
500
300
650
500
785
937
950
310
320
343
360
614
237
320
372
400
534
370
670
750
570
200
280
665
676
210
365
508
923
142
700
550
235
310
350
364
968
863
270
775
738
377
385
673
