21.5
24.0
21.0
25.0
26.0
23.4
17.0
20.0
21.0
22.0
25.0
20.0
20.0
25.0
25.0
20.0
20.0
23.0
25.0
25.0
23.0
18.0
30.0
21.5
25.0
25.0
23.7
15.0
20.0
20.0
22.0
25.0
24.0
20.0
23.0
23.0
25.0
21.0
25.0
25.0
15.0
22.0
22.5
23.0
23.0
23.0
24.0
25.0
25.0
25.0
25.0
26.0
18.0
12.0
22.9
30.0
20.0
20.0
30.0
40.0
20.0
22.5
23.0
22.0
22.0
22.0
25.0
19.0
25.0
21.3
23.5
22.0
22.5
15.0
17.5
18.0
19.0
20.0
20.0
20.0
20.0
20.0
20.0
20.0
20.0
22.0
23.0
21.0
20.5
23.0
22.0
20.0
22.0
25.0
20.0
25.0
26.0
18.0
19.0
20.0
22.0
22.0
25.0
23.0
23.0
20.0
24.0
22.0
20.0
22.0
10.0
18.0
20.0
20.0
20.0
25.0
25.0
21.0
18.0
18.0
20.0
20.0
22.0
21.0
26.0
15.0
22.0
22.0
23.0
23.0
23.5
20.0
22.0
16.0
18.0
20.0
30.0
27.0
23.0
