4.5000
4.0000
3.5000
3.5000
3.4000
3.2100
0.7000
3.1000
0.8000
3.0000
1.0000
2.8000
2.8000
1.1000
1.3000
2.5000
2.5000
2.5000
2.5000
2.5000
1.5000
2.3180
2.3000
2.3000
2.3000
2.3000
2.3000
2.3000
2.2500
1.6000
2.2000
2.2000
1.7000
2.1100
2.1000
2.1000
1.8000
2.0000
2.0000
2.0000
2.0000
2.0000
2.0000
1.8270
1.9800
1.9700
2.0000
1.7520
1.8000
1.8000
1.8000
1.8000
1.8000
1.7500
2.1000
1.6700
1.7000
1.7000
2.1500
2.2300
1.6000
1.4000
1.5000
1.5000
2.5000
1.4000
1.2800
1.3000
1.3000
1.3000
1.3000
1.3000
1.2730
1.2550
1.2500
1.2300
1.2000
1.1800
1.2000
1.2000
2.7000
1.0500
1.1000
1.1000
2.8000
0.9530
1.0000
0.9500
0.9000
0.8700
0.8350
3.0000
3.1000
0.8000
0.8000
3.2000
1.9320
