1400
1400
1300
1000
990
986
953
900
900
900
900
860
850
850
820
800
800
753
750
740
737
700
700
683
680
675
654
650
650
650
650
650
635
630
630
630
630
620
620
615
600
600
600
600
600
600
600
600
600
600
600
600
589
580
569
560
550
550
550
550
540
538
537
532
530
530
530
526
522
520
512
510
509
500
500
500
500
500
500
500
500
500
500
500
500
500
500
483
480
476
475
470
470
470
464
460
460
450
450
450
450
450
440
438
436
420
420
412
410
410
400
400
400
400
400
400
396
390
387
383
380
380
370
360
358
354
350
350
350
350
350
350
320
304
300
300
300
300
237
200
